70 80
12 37 69 60 26 16 7 62 25 11 19 25 54 39 53 9 23 65 54 11 14 31 58 7 54 40 20 54 29 36 7 46 30 25 6 59 18 54 10 38 69 52 4 6 35 32 62 49 10 59 68 65 63 47 23 60 19 6 32 43 7 47 26 62 60 54 45 68 36 11
12 33 37 50 45 45 36 23 27 22 16 20 25 26 60 35 11 8 6 7 52 5 54 49 16 18 59 37 18 14 43 52 59 50 30 58 58 34 59 16 66 49 34 25 33 50 32 68 33 33 38 12 8 62 4 65 48 16 32 36 37 9 5 44 40 29 42 54 39 69
50 50 3 59 68 7 63 37 58 36 34 61 69 25 32 29 28 51 24 54 42 50 30 23 46 33 36 30 54 10 29 64 15 68 5 15 38 15 70 49 49 9 23 47 3 54 54 29 41 20 39 62 39 45 45 32 37 62 66 24 52 28 15 31 37 41 26 22 29 29
43 11 42 56 15 30 68 16 26 32 23 55 53 40 6 53 46 13 41 54 55 65 21 15 39 42 46 69 37 13 18 1 36 44 10 10 45 4 60 3 59 59 10 39 29 46 64 53 47 11 52 60 47 68 28 35 14 20 63 20 25 66 33 64 22 49 9 9 56 2
66 23 61 10 65 60 49 30 6 47 48 50 69 58 69 15 13 62 7 27 50 40 46 36 21 58 43 35 46 63 15 39 69 9 70 70 1 42 70 27 14 7 18 32 11 19 27 32 62 3 16 9 31 38 12 3 46 66 3 4 51 5 8 27 49 33 31 24 2 11
44 17 21 25 13 47 14 20 18 23 13 35 34 33 34 48 43 43 44 68 13 36 68 11 26 38 67 52 67 21 36 7 7 20 43 67 18 35 31 28 58 45 42 68 54 39 5 24 2 31 41 7 17 52 34 21 63 46 26 27 9 5 57 4 26 2 33 10 15 70
59 27 62 60 18 20 27 11 4 14 66 61 36 34 21 66 45 2 13 32 65 1 65 9 14 28 48 49 66 69 67 54 49 45 1 27 11 41 66 66 6 12 13 42 38 53 69 2 12 3 64 53 67 35 12 14 10 6 3 54 40 33 25 33 62 45 51 22 41 22
17 44 20 4 39 24 3 65 36 26 62 70 41 55 30 19 35 42 13 37 62 18 42 58 10 7 39 43 69 24 6 53 26 17 23 19 16 62 9 7 29 69 46 4 43 5 23 34 60 23 38 15 1 26 41 64 34 66 67 32 70 31 34 11 67 32 11 9 48 57
2 58 60 54 64 19 22 9 18 4 55 59 46 66 59 13 8 65 16 29 61 9 37 15 68 22 68 52 38 43 7 17 65 17 44 28 66 28 8 17 32 15 8 14 30 41 10 4 45 47 23 43 10 56 41 69 66 3 41 63 34 60 39 14 63 23 28 11 44 26
17 14 38 10 65 52 68 23 59 36 8 44 31 43 17 65 52 61 64 5 19 47 31 33 58 32 2 37 60 35 35 33 51 7 44 28 65 47 14 21 20 13 11 50 27 59 69 69 23 25 37 36 66 28 32 43 49 69 33 42 7 17 1 25 16 53 70 1 57 65
31 34 30 64 32 5 30 3 58 15 70 23 47 7 14 67 59 18 54 54 38 14 3 57 60 1 51 3 42 7 2 18 35 28 32 35 11 19 41 46 45 46 52 46 20 18 22 70 24 12 48 55 49 20 60 58 34 24 33 62 11 45 8 11 56 42 18 20 52 51
24 59 2 25 48 19 5 55 12 7 36 23 11 40 66 28 44 30 67 61 17 18 39 9 57 38 53 61 22 48 25 7 46 66 26 70 13 33 9 57 43 18 46 65 64 56 27 59 57 50 60 63 25 8 16 22 46 18 6 23 57 52 7 20 63 14 19 22 47 62
31 50 49 12 20 13 66 21 31 21 60 65 69 15 45 13 55 47 36 25 4 15 62 31 37 21 27 58 45 64 36 24 33 61 62 57 5 41 49 23 27 17 70 37 59 52 13 53 13 3 50 17 25 29 37 4 68 67 5 50 55 66 19 7 7 25 62 51 1 42
35 39 19 20 61 56 21 43 44 7 24 26 8 36 67 42 63 68 38 52 40 40 63 55 7 51 70 68 48 19 35 68 2 7 44 29 41 20 6 40 10 30 53 40 40 25 35 27 48 23 55 1 6 47 4 49 42 68 11 26 13 57 24 44 33 58 20 30 21 32
59 3 60 32 56 15 30 53 15 14 2 10 56 65 52 59 53 62 62 55 50 50 14 65 70 21 64 9 65 23 22 40 50 11 23 32 5 27 66 36 7 12 16 23 37 9 40 55 52 62 6 57 9 49 27 50 17 22 50 65 11 61 68 18 19 44 53 22 68 7
21 62 49 69 5 21 41 25 43 64 40 32 24 13 14 17 56 67 61 34 17 16 19 33 68 52 59 15 40 57 65 7 36 3 32 57 51 15 52 49 20 35 66 43 24 26 60 33 58 12 25 8 9 63 48 59 15 53 4 28 20 28 53 47 68 29 34 8 48 47
33 44 20 44 50 28 29 3 33 58 10 56 57 19 41 12 56 4 42 37 19 43 33 65 45 48 1 26 2 51 42 12 5 6 20 38 35 38 69 65 35 31 59 6 6 12 48 25 2 43 61 53 55 33 45 24 24 43 12 20 53 8 5 33 55 29 32 22 62 28
52 40 3 10 10 33 34 3 3 14 43 36 55 41 57 11 10 26 52 15 60 59 52 29 14 53 6 56 4 39 62 29 62 15 54 54 42 56 60 51 61 26 52 63 54 62 48 3 62 24 43 61 28 61 7 31 45 62 58 65 11 59 35 66 59 15 19 8 36 29
19 64 41 29 64 59 63 22 6 4 45 5 40 26 68 21 68 43 22 60 48 37 42 21 63 60 63 39 23 10 13 36 55 68 47 6 42 10 39 57 1 36 60 24 12 36 47 10 43 30 22 43 22 51 1 32 64 29 53 34 45 11 69 12 38 13 60 66 13 46
1 24 69 40 54 13 25 50 51 34 27 13 48 62 29 58 15 47 8 7 57 2 24 36 65 66 25 44 52 58 64 58 49 53 19 16 25 56 40 26 1 30 58 35 22 52 39 29 60 25 11 26 8 59 64 52 52 64 43 2 33 48 59 12 60 30 12 3 34 19
21 42 1 48 53 44 21 56 17 61 29 47 57 26 3 8 47 31 63 46 14 46 34 21 53 69 55 15 11 38 41 2 7 30 54 26 16 2 3 14 33 29 65 32 36 15 24 31 44 54 30 56 41 66 60 22 37 37 42 53 31 24 21 32 63 45 36 58 12 12
6 34 70 21 58 25 6 69 63 30 22 50 33 36 11 16 34 36 21 24 14 34 51 19 27 1 28 40 48 66 22 34 53 65 58 2 31 19 55 12 47 57 63 21 70 44 46 31 37 50 51 35 11 60 20 38 54 11 39 57 24 40 57 44 48 50 3 27 59 62
10 66 52 12 56 5 46 34 57 16 23 50 30 48 18 13 21 54 57 62 7 5 29 44 63 10 54 60 42 40 39 18 56 68 32 34 29 70 70 51 7 19 33 62 20 60 4 15 5 28 69 49 12 48 45 70 33 6 10 25 24 17 5 7 52 64 18 30 10 17
52 62 69 36 22 60 12 45 15 40 24 5 11 7 52 7 51 5 23 25 12 55 52 2 54 67 27 38 69 6 14 17 5 11 39 65 34 4 65 13 52 64 11 9 32 52 62 15 31 46 58 24 64 34 2 36 45 52 55 54 3 25 49 23 69 34 50 54 18 7
60 18 17 26 5 42 24 59 70 43 56 51 9 56 43 62 29 20 51 14 3 60 40 25 59 6 57 32 59 16 68 29 3 63 18 22 13 70 27 11 38 23 20 49 66 18 17 41 70 53 61 56 66 12 3 12 54 68 69 17 41 68 23 47 68 61 49 67 16 28
22 7 43 48 2 64 41 44 27 19 13 21 45 13 55 4 46 55 18 54 51 35 44 30 52 66 22 39 52 8 35 32 20 61 32 6 19 54 49 6 16 16 68 46 53 17 59 55 18 17 61 24 2 6 29 27 42 2 60 26 36 18 44 68 27 64 23 9 13 44
3 31 15 59 20 26 38 15 30 3 3 36 34 36 45 13 49 41 66 9 12 27 57 8 5 3 70 22 38 59 34 34 10 20 22 32 24 30 32 67 25 49 67 50 37 33 37 5 38 54 43 70 15 49 42 53 52 49 56 21 10 27 40 10 48 45 12 13 15 39
10 13 31 34 59 70 30 16 23 8 58 57 29 22 16 3 16 33 21 42 32 53 19 8 13 40 19 60 32 65 64 25 69 70 69 43 58 59 66 11 56 9 43 18 45 11 49 52 54 4 14 20 10 21 41 62 51 41 1 57 59 37 49 53 15 21 56 15 53 52
10 42 37 1 24 39 6 17 52 50 35 7 10 28 59 22 36 45 32 18 16 3 41 24 27 63 12 43 70 4 45 29 65 37 69 24 37 11 67 32 4 31 41 46 53 61 12 4 44 23 27 53 57 21 26 53 53 54 28 57 2 69 32 20 3 27 66 29 11 11
58 30 28 61 66 53 25 29 67 22 41 63 53 10 12 6 15 7 35 7 26 30 66 4 60 41 21 43 38 29 38 67 5 50 58 16 48 22 13 62 19 17 7 41 55 4 56 19 51 47 17 12 62 46 18 53 51 49 36 34 53 3 62 63 68 18 57 69 6 33
23 8 15 1 26 67 63 23 47 19 50 13 22 8 23 14 4 38 40 6 23 61 9 38 65 59 10 44 47 47 4 64 57 2 34 30 70 35 58 20 14 14 39 10 30 11 55 56 61 7 27 54 6 62 16 39 52 45 25 12 30 68 59 61 37 63 17 37 31 52
44 66 4 51 37 28 43 17 59 28 32 32 32 24 10 66 36 53 49 8 48 39 34 46 31 33 28 28 15 30 7 11 21 8 18 63 25 48 39 22 68 13 64 4 51 44 69 46 10 62 4 50 49 20 23 23 60 48 39 14 16 27 44 32 17 68 42 15 10 59
37 48 57 37 7 6 58 14 18 19 55 70 2 16 14 39 70 41 43 35 38 61 36 46 1 48 14 57 42 4 60 16 2 69 6 35 54 68 4 55 3 56 68 15 52 69 67 45 70 39 4 15 44 35 10 43 56 51 26 65 54 13 64 30 31 56 1 17 23 26
13 55 43 29 67 53 63 26 2 4 54 44 29 51 30 31 9 55 50 51 48 17 17 68 55 6 47 45 50 18 34 24 48 21 57 22 26 44 63 42 14 69 54 53 17 44 17 49 68 43 61 18 60 67 42 9 25 20 44 50 21 20 49 26 43 31 45 68 38 56
56 47 11 59 63 8 19 28 4 65 70 10 1 52 51 34 34 54 48 27 47 13 5 1 51 34 13 5 13 51 13 20 38 3 11 3 4 7 10 6 60 24 51 41 70 36 5 64 66 20 53 41 38 33 22 68 22 58 33 56 37 5 69 44 7 9 14 1 4 20
52 25 27 46 66 59 1 53 62 46 58 23 48 62 56 48 23 54 10 49 7 4 68 30 38 35 18 18 16 38 14 64 67 42 40 68 29 4 56 21 55 68 63 63 52 66 3 24 9 57 48 63 23 67 37 15 37 20 50 29 22 31 39 34 33 33 61 28 45 53
8 36 36 21 36 9 42 63 24 23 9 37 49 40 69 65 19 36 40 64 16 37 44 2 46 53 47 49 60 25 12 63 17 46 18 27 48 23 17 6 61 28 61 46 51 25 3 61 21 43 62 58 48 54 68 2 36 37 38 49 4 46 8 60 21 36 19 50 10 65
44 36 68 38 21 58 9 3 14 18 43 57 39 69 18 39 64 3 5 66 4 25 10 27 32 62 34 43 49 70 5 23 14 23 57 31 30 17 62 58 6 64 23 64 19 10 14 31 7 9 39 43 42 68 15 61 47 53 37 29 47 57 52 44 67 32 60 57 40 25
67 47 40 17 67 2 19 34 52 23 25 56 56 33 47 34 18 59 38 19 50 26 7 64 11 14 53 21 14 27 5 35 1 5 48 11 24 9 4 49 8 64 65 58 36 36 70 43 28 65 37 15 1 38 6 40 26 22 50 39 46 28 44 48 48 61 1 45 24 4
34 37 68 59 13 10 26 68 1 60 52 65 65 64 24 39 46 27 41 69 35 51 53 36 26 42 40 63 17 61 38 20 33 32 63 11 63 38 53 23 57 36 59 38 34 48 41 1 34 19 56 3 2 29 13 31 20 33 68 7 49 50 10 18 42 25 14 52 11 37
61 56 19 36 35 50 66 21 51 44 45 3 26 65 21 15 39 37 53 62 61 59 29 30 64 7 2 49 44 23 42 25 25 64 51 58 51 23 35 28 63 15 29 57 62 64 6 6 41 18 35 70 14 13 12 34 38 53 6 58 9 37 64 54 14 19 68 38 24 34
39 66 5 11 67 15 65 2 61 10 28 34 13 35 40 51 8 57 54 20 51 70 58 31 22 22 38 3 11 51 7 54 57 13 41 2 40 66 38 7 57 65 49 38 31 43 16 54 4 21 21 64 40 49 46 41 17 4 20 23 49 17 40 47 12 29 28 62 14 17
51 12 29 55 57 57 4 34 44 14 1 40 10 25 53 7 27 3 25 11 52 41 23 24 2 45 13 14 42 69 53 37 16 52 12 39 69 41 22 53 45 40 3 23 35 16 68 29 36 61 22 2 11 49 70 8 53 31 20 62 9 63 62 7 56 7 45 25 25 53
52 61 34 7 36 25 6 53 2 64 49 54 7 6 23 32 53 38 40 33 34 18 42 42 45 34 4 11 45 25 61 49 33 30 24 17 44 3 56 23 69 46 37 19 9 12 28 27 35 47 45 24 24 10 48 40 36 29 68 48 15 51 68 9 24 64 32 3 55 8
62 31 45 44 48 40 39 4 34 68 11 70 40 13 8 9 41 20 34 31 63 14 22 14 49 49 30 52 31 3 16 32 70 4 65 1 35 34 10 11 6 51 64 25 6 70 5 17 10 55 33 17 16 69 48 43 25 35 35 69 69 70 31 53 14 8 50 44 63 26
30 26 67 37 44 11 37 39 39 8 50 67 60 49 47 18 39 34 41 61 13 20 27 42 3 52 52 2 66 35 15 60 6 45 36 33 28 52 57 43 17 14 61 4 33 58 70 3 15 41 48 61 18 21 61 36 46 12 46 45 68 43 53 68 63 51 64 26 29 2
38 67 27 60 63 22 49 38 33 30 65 68 60 46 70 32 44 15 55 11 18 15 36 12 11 39 34 49 17 16 31 52 5 46 55 20 67 41 63 63 29 13 10 59 59 31 59 44 12 39 44 27 45 26 7 53 30 53 63 26 27 54 10 35 64 8 31 2 16 33
37 31 12 10 66 10 20 18 22 53 34 7 25 53 39 48 40 37 28 39 59 40 47 29 3 38 51 15 12 58 68 63 9 42 57 53 25 14 46 36 9 49 47 41 67 53 23 28 65 14 21 16 36 43 54 14 50 18 5 46 51 42 33 13 62 70 8 57 9 6
5 2 30 49 7 1 7 25 55 25 28 13 42 62 63 4 33 65 11 30 32 63 69 42 66 23 47 61 4 1 54 57 32 47 15 64 69 29 63 39 68 64 60 57 50 13 12 67 50 22 68 6 28 13 34 68 8 66 67 4 60 28 39 39 25 48 43 4 52 67
53 37 67 1 23 25 61 38 23 3 57 40 6 48 55 46 39 68 43 59 29 43 7 15 6 15 24 3 3 3 2 53 19 19 24 67 43 56 10 28 12 16 25 46 13 9 22 36 67 30 52 43 63 36 40 15 60 49 11 35 23 16 24 63 36 37 66 7 3 58
36 39 49 7 5 10 52 43 2 19 26 48 9 23 29 27 26 28 18 44 5 12 8 65 23 31 46 35 55 68 35 45 33 36 44 15 6 2 44 32 33 62 7 61 64 52 28 33 7 28 25 50 21 30 50 6 55 59 27 14 3 11 3 70 22 58 59 18 66 53
19 11 4 34 36 11 13 7 36 62 14 24 3 5 47 7 17 6 50 4 39 55 2 56 63 37 49 19 46 8 30 33 52 3 17 65 4 64 8 54 35 19 10 59 27 32 48 9 44 4 65 6 34 40 22 13 28 45 56 38 25 13 57 64 12 7 14 24 2 40
29 51 45 68 43 32 28 20 67 65 51 19 22 62 30 19 51 18 50 44 65 20 67 34 62 10 43 38 2 55 4 49 16 42 51 24 69 49 68 60 44 68 9 15 16 22 59 68 43 5 9 58 32 3 24 32 10 18 52 11 51 63 21 48 39 39 70 5 20 9
4 14 34 43 31 29 5 3 48 19 57 49 45 40 55 61 39 51 41 41 15 5 66 33 22 39 57 53 54 35 40 29 24 3 2 55 68 45 28 41 24 64 47 35 37 25 53 9 20 36 50 18 47 52 25 53 64 29 49 42 62 54 54 23 35 63 45 42 15 17
12 39 58 3 52 56 14 68 2 40 56 23 46 13 26 18 4 52 20 3 44 4 61 33 32 40 57 24 43 26 14 7 12 48 59 4 68 51 24 24 31 31 56 53 33 42 31 23 61 23 46 26 61 21 1 63 15 52 28 33 13 69 24 42 6 23 42 26 67 53
39 36 28 61 33 69 58 62 34 36 20 36 36 14 11 27 56 54 13 68 53 60 31 6 54 45 19 60 23 54 67 53 57 41 44 19 19 21 65 60 55 42 43 12 48 12 4 19 34 31 50 19 17 10 33 17 41 12 44 47 46 44 66 33 2 11 68 1 42 38
34 12 43 55 21 55 57 30 40 31 70 33 40 28 19 51 41 60 53 65 68 22 6 8 67 69 34 29 15 1 1 54 38 59 18 42 48 44 4 21 46 59 48 57 48 61 13 5 57 24 8 13 17 6 30 26 53 7 3 40 23 1 46 51 56 69 5 12 37 65
12 45 60 57 10 29 58 66 39 35 8 65 4 7 41 27 69 35 70 19 47 26 41 6 36 60 27 38 13 48 37 47 52 10 1 6 17 59 25 49 25 35 6 14 27 65 18 49 70 53 34 20 3 33 11 42 56 62 4 62 55 61 19 53 39 10 40 7 20 13
4 41 40 30 58 53 31 62 27 63 6 51 58 66 29 69 5 11 50 65 54 1 13 12 65 2 65 57 40 38 24 16 5 61 55 18 55 19 38 30 4 10 70 13 34 60 56 46 2 40 6 35 7 65 62 68 12 21 48 63 57 6 44 28 42 52 48 33 5 42
4 32 21 62 37 4 22 32 47 12 30 49 7 50 7 22 40 66 11 11 8 27 70 7 26 20 65 29 39 2 37 7 52 47 57 62 28 1 15 62 20 32 14 64 5 21 68 32 2 35 32 42 19 16 3 63 24 32 24 43 39 22 56 51 17 53 58 20 40 28
58 64 3 27 65 28 14 44 18 8 27 52 2 58 32 25 51 11 17 62 38 51 67 50 34 47 22 29 20 54 54 63 7 4 61 38 62 27 52 53 60 39 36 22 31 47 64 53 7 39 54 65 65 61 41 53 41 69 21 47 28 28 50 24 8 19 20 24 15 17
63 61 26 39 68 44 58 9 32 6 35 17 62 68 30 52 10 14 33 49 13 6 10 47 7 56 33 67 6 66 64 27 36 67 48 8 17 53 17 27 24 62 56 16 30 59 65 57 32 57 37 36 10 21 12 47 51 29 44 43 49 6 43 69 20 7 58 58 47 6
36 50 13 34 23 50 55 37 42 60 8 2 64 39 37 48 16 48 22 36 53 53 21 57 58 19 53 70 66 34 26 12 31 50 58 27 59 41 7 11 11 52 52 9 41 57 28 68 47 70 68 3 23 8 16 24 16 33 33 36 49 61 11 61 37 43 16 58 63 35
44 36 3 46 53 7 69 63 15 9 21 68 13 45 35 66 6 51 61 68 2 33 58 8 16 40 8 52 49 12 4 1 62 58 9 47 9 15 9 62 12 21 47 17 29 35 23 49 35 57 64 25 55 7 40 25 56 45 59 24 46 5 2 45 45 57 37 36 12 37
4 4 67 63 54 23 35 13 61 21 47 38 10 37 67 35 31 55 20 49 21 41 24 60 48 7 52 14 48 32 29 5 62 19 9 38 30 27 15 8 43 52 10 14 36 62 59 42 59 1 24 9 67 28 17 6 42 1 26 39 50 16 26 67 3 68 56 61 62 23
1 56 57 16 14 63 21 49 52 62 64 47 6 47 17 37 30 49 43 38 58 40 57 31 21 2 39 64 68 38 43 21 43 59 4 28 17 27 30 38 3 63 13 42 31 45 44 33 15 43 35 36 65 59 41 31 10 30 43 70 4 58 20 3 25 49 44 45 26 20
51 34 62 31 44 50 29 35 50 19 49 45 6 1 68 9 8 3 58 36 48 63 66 45 44 12 19 18 70 70 24 7 15 19 8 13 45 57 60 9 28 40 48 10 44 3 20 39 33 20 52 42 38 11 58 23 66 30 16 33 45 26 14 16 32 35 29 2 18 70
29 36 12 36 5 3 11 13 67 47 31 67 38 23 41 52 67 6 9 55 39 1 48 35 39 13 50 55 48 8 29 35 26 13 41 66 32 58 46 3 27 3 17 43 22 67 66 3 44 2 12 39 63 26 65 3 20 68 48 44 20 45 24 8 13 49 52 18 13 54
15 56 36 46 42 69 39 28 29 34 12 31 50 51 51 11 50 4 24 57 36 29 18 59 18 14 42 27 16 13 65 56 25 22 46 44 8 13 4 11 29 47 18 13 8 47 31 12 3 8 58 13 9 1 70 41 11 4 9 59 61 15 43 10 2 53 25 20 5 46
27 44 31 53 12 26 27 25 28 64 56 28 45 56 56 26 27 9 21 4 10 66 47 30 34 9 46 13 68 3 8 26 1 6 56 48 29 22 50 12 55 27 38 68 13 39 11 35 37 49 30 20 40 69 6 65 69 53 46 25 55 49 64 8 47 33 46 25 35 3
12 34 42 60 28 69 66 20 60 59 29 53 50 39 62 61 4 22 10 35 69 37 53 20 58 65 39 66 30 54 15 53 4 2 31 35 53 42 41 44 30 24 2 62 28 31 34 31 61 39 31 19 37 52 9 2 64 51 26 51 9 34 9 56 8 37 40 52 41 24 42 68 40 41 68 36 66 2 11 29
12
