34 17
6 32 2 28 26 32 29 32 23 14 23 1 1 13 28 6 8 30 27 33 31 34 32 10 32 28 22 22 2 18 21 26 10 1
28 34 30 34 11 11 25 23 13 10 25 11 12 1 22 13 5 27 1 11 34 20 4 22 13 17 5 30 1 22 3 7 24 26
2 28 23 19 7 23 25 7 34 10 16 12 1 18 15 7 11 21 33 4 23 7 12 28 10 13 6 23 27 34 23 7 23 1
12 30 7 4 26 2 19 8 2 34 19 20 32 15 18 11 34 12 16 11 19 28 11 4 24 17 5 8 32 15 33 26 30 1
11 25 13 18 27 28 28 1 18 20 7 6 13 4 12 9 17 10 15 16 27 30 26 22 26 33 3 30 23 22 10 8 24 7
33 30 9 19 1 8 19 17 5 26 20 12 9 19 10 16 24 29 24 26 28 14 25 4 1 25 14 14 32 19 22 10 34 34
6 3 26 13 31 1 25 15 23 3 9 2 23 14 25 1 24 18 23 29 33 10 19 11 31 3 29 17 20 24 7 1 1 17
7 11 25 1 31 19 5 29 27 27 4 24 11 34 18 22 18 1 13 29 20 26 3 22 30 10 24 10 1 17 23 15 32 3
26 33 31 31 25 30 3 11 18 30 3 1 22 23 4 9 2 28 24 34 15 16 15 13 30 9 13 24 21 34 16 11 12 5
17 28 16 28 28 26 26 19 27 32 8 27 5 34 5 26 32 21 19 12 1 17 26 27 30 20 23 25 13 26 28 16 13 1
9 19 18 28 17 3 19 13 13 34 34 23 2 26 28 5 33 14 6 28 19 14 20 18 16 9 12 3 2 29 11 2 19 8
14 34 13 29 13 16 5 7 11 6 31 10 27 7 6 9 20 32 22 22 2 7 26 26 34 17 31 30 21 7 16 26 17 22
23 28 1 12 22 12 1 17 20 3 3 4 32 28 16 2 26 29 4 19 1 3 30 22 10 1 11 22 3 19 28 28 28 31
6 29 9 16 25 24 18 7 10 23 30 10 18 1 6 27 16 12 26 18 8 31 16 26 24 34 17 18 30 34 4 19 14 16
13 12 3 13 31 8 12 9 18 30 15 11 26 5 4 22 28 18 17 26 14 31 3 2 32 25 10 5 6 11 3 9 4 10
18 8 6 16 28 13 2 27 11 7 25 10 17 13 1 5 28 34 24 15 23 22 34 34 3 19 31 5 30 26 24 33 18 4
11 26 32 26 8 11 23 23 20 22 13 32 16 8 17 17 6 27 20 27 14 27 31 31 4 14 25 22 9 19 18 20 9 34
25 4 12 12 12 6 17 32 7 4 7 12 5 17 26 30 25 2 9 8 27 7 1 4 27 17 28 30 30 6 2 20 1 15
20 29 28 6 1 4 29 16 9 23 31 15 24 20 23 1 6 10 9 11 16 25 21 30 9 28 5 27 10 28 9 11 8 20
3 6 4 6 7 4 28 26 25 8 8 33 4 29 20 17 23 9 16 13 3 27 21 33 8 18 15 6 26 18 3 6 26 25
5 32 10 5 21 28 33 17 4 9 21 17 12 10 8 28 32 23 7 17 8 1 8 21 29 14 20 9 8 10 3 33 22 28
9 26 15 19 7 26 4 13 2 1 24 13 29 33 27 10 29 15 8 22 26 10 6 3 5 12 2 13 30 17 15 32 20 12
9 20 8 28 27 31 14 22 14 29 30 23 11 7 24 29 21 20 14 10 10 21 20 17 30 31 17 13 25 3 8 21 16 11
19 2 32 19 13 16 34 21 10 28 31 3 7 19 31 30 6 34 15 1 13 8 33 22 8 31 2 4 22 10 27 21 34 20
26 9 20 23 11 3 11 26 24 13 33 5 8 14 2 30 22 27 9 25 14 4 10 6 7 28 32 33 20 26 23 4 28 12
4 12 5 2 8 21 27 31 17 24 1 29 20 2 18 7 34 12 15 3 23 26 34 21 33 22 8 10 31 20 1 3 15 31
33 27 12 6 34 32 19 26 25 24 29 11 8 25 31 25 7 34 13 23 4 30 28 11 3 34 3 18 15 3 16 29 17 6
24 5 20 10 9 17 30 19 29 11 31 18 16 31 4 18 34 31 19 4 24 24 20 27 13 6 26 27 32 24 26 28 14 18
27 25 29 32 25 10 27 13 6 10 30 9 28 24 34 11 3 20 14 6 27 2 7 30 31 31 13 32 1 24 29 25 7 5
17 19 27 27 10 29 5 15 27 18 2 32 22 3 32 2 33 26 15 5 21 3 10 6 33 22 34 6 23 25 25 12 29 12
32 18 7 33 14 24 25 15 13 19 6 23 4 24 33 34 27 32 16 30 30 17 20 26 16 3 23 15 29 17 1 5 4 2
8 19 29 26 4 10 16 23 5 3 2 31 30 25 3 15 17 16 25 19 11 6 23 3 20 11 7 32 19 3 26 15 21 19
9 1 1 34 13 33 12 7 1 22 8 31 14 1 31 31 32 26 11 28 23 31 7 33 15 12 8 24 6 14 32 20 16 22
30 15 23 28 12 33 29 2 9 12 15 12 25 27 21 22 11 11 9 15 18 30 8 31 2 11 32 16 3 11 16 2 26 5
20 23 1 13 4 9 6 34 10 21 12 19 24 30 16 14 4
3
